$comment
  Frequency and molecule data from DSD-PBEP86-D3-BJ_cc-pVTZ_reactant_p_2011_398_hpmodes.log (20-Apr-2024 at 03:46:48)
$end

$theory
charge 1
multiplicity 1
$end

$molecule
  1 1
    C        -1.903673       -0.794655       -0.129850
    H        -2.015744       -0.983928       -1.198500
    C        -1.903707        0.794645        0.129799
    H        -2.749059        1.228174       -0.399693
    C        -0.572776        1.297718       -0.378093
    C         0.572647        1.297691        0.378245
    C         1.903680        0.794681       -0.129759
    H         2.015754        0.984075       -1.198390
    H         2.749019        1.228280        0.399692
    C         1.903805       -0.794645        0.129687
    H         2.016014       -0.984076        1.198296
    H         2.749050       -1.228222       -0.399929
    C         0.572738       -1.297598       -0.378204
    C        -0.572760       -1.297757        0.378139
    H         0.449371        1.290378        1.461356
    H        -2.015885        0.983919        1.198439
    H         0.000366       -0.000461        0.000611
    H        -0.449495       -1.290679        1.461251
    H        -2.749022       -1.228273        0.399570
    H         0.449327       -1.289827       -1.461298
    H        -0.449418        1.290163       -1.461196
$end

$isotope
  1       12.00000
  2        1.00783
  3       12.00000
  4        1.00783
  5       12.00000
  6       12.00000
  7       12.00000
  8        1.00783
  9        1.00783
  10      12.00000
  11       1.00783
  12       1.00783
  13      12.00000
  14      12.00000
  15       1.00783
  16       1.00783
  17       1.00783
  18       1.00783
  19       1.00783
  20       1.00783
  21       1.00783
$end

$frequency_data
    207.7826  2.0754  0.0528   0.01331  0.02769 -0.13857   0.14705  0.21088 -0.18593   0.01327 -0.02765  0.13860  -0.04879  0.06502  0.31337  -0.03439  0.01283  0.05281   0.03429  0.01266 -0.05287  -0.01329 -0.02767 -0.13857  -0.14702 -0.21087 -0.18595   0.04867  0.06510 -0.31327  -0.01324  0.02765  0.13860  -0.14701  0.21084  0.18601   0.04879 -0.06509  0.31333   0.03437 -0.01279  0.05284  -0.03432 -0.01271 -0.05284   0.13448  0.02156 -0.04116   0.14707 -0.21085  0.18599  -0.00001 -0.00003 -0.00025  -0.13453 -0.02170 -0.04113  -0.04868 -0.06503 -0.31328   0.13463 -0.02206  0.04110  -0.13468  0.02219  0.04108
    252.3415  1.9048  0.0715   0.02449 -0.00813 -0.08285   0.21659  0.00716 -0.10669  -0.02441 -0.00814 -0.08275   0.07568 -0.01180 -0.24709   0.04645 -0.03952  0.09564   0.04647  0.03947  0.09562  -0.02444  0.00814 -0.08285  -0.21648 -0.00713 -0.10668   0.07567  0.01188 -0.24730   0.02446  0.00817 -0.08276   0.21651 -0.00698 -0.10660  -0.07574  0.01180 -0.24718  -0.04648  0.03964  0.09576  -0.04652 -0.03965  0.09568   0.14790  0.18872  0.10641  -0.21636  0.00699 -0.10657  -0.00003  0.00003  0.37631  -0.14807 -0.18922  0.10645  -0.07571 -0.01179 -0.24738  -0.14790  0.18916  0.10662   0.14779 -0.18862  0.10646
    265.4581  2.9933  0.1243  -0.09068 -0.06542  0.04107  -0.20874 -0.05201  0.05191   0.09090 -0.06532  0.04119   0.07620  0.00868  0.12469   0.09084 -0.14052 -0.05328   0.09087  0.14050 -0.05334   0.09090  0.06527  0.04105   0.20919  0.05199  0.05192   0.07625 -0.00859  0.12438  -0.09060  0.06544  0.04122  -0.20873  0.05219  0.05211  -0.07635 -0.00906  0.12440  -0.09107  0.14133 -0.05287  -0.09112 -0.14128 -0.05300   0.09006  0.34860 -0.05177   0.20929 -0.05219  0.05212   0.00003 -0.00008  0.07139  -0.09067 -0.35072 -0.05144  -0.07644  0.00894  0.12416  -0.09053  0.35077 -0.05118   0.08995 -0.34869 -0.05166
    301.3895  2.3733  0.1270   0.05087 -0.01558 -0.01017   0.14414  0.02662 -0.02809   0.05062  0.01581  0.01010  -0.04567 -0.05145  0.10997  -0.04845  0.13660 -0.08498  -0.04847 -0.13658 -0.08495   0.05059 -0.01576  0.01016   0.14370  0.02660  0.02810  -0.04567  0.05142  0.11004   0.05093  0.01556 -0.01024   0.14440 -0.02674 -0.02823  -0.04534 -0.05134 -0.11033  -0.04807  0.13594  0.08512  -0.04811 -0.13599  0.08504  -0.13151 -0.39344 -0.09260   0.14375 -0.02652  0.02804   0.01276 -0.00014 -0.00041  -0.13093 -0.39135  0.09261  -0.04530  0.05144 -0.11005  -0.13091  0.39137  0.09288  -0.13149  0.39368 -0.09271
    343.7671  1.7575  0.1224   0.01620  0.03342 -0.08802   0.22379  0.15026 -0.13251   0.01619 -0.03341  0.08806  -0.06661  0.05557  0.29362  -0.02290 -0.06157 -0.06012  -0.02290  0.06158 -0.06013   0.01621  0.03339  0.08805   0.22389  0.15021  0.13256  -0.06659 -0.05565  0.29368   0.01617 -0.03340 -0.08802   0.22374 -0.15022 -0.13254  -0.06663  0.05560 -0.29355  -0.02291 -0.06148  0.06007  -0.02292  0.06148  0.06009  -0.07755  0.19678 -0.06598   0.22382 -0.15018  0.13256   0.00136  0.00000  0.00018  -0.07763  0.19627  0.06596  -0.06657 -0.05559 -0.29360  -0.07757 -0.19627  0.06586  -0.07756 -0.19679 -0.06593
    374.7601  1.9169  0.1586   0.06027  0.08787  0.03246   0.03623  0.14150  0.02464  -0.06029  0.08785  0.03243  -0.08115  0.02082  0.01067  -0.07474 -0.03156 -0.04117  -0.07470  0.03144 -0.04119  -0.06022 -0.08784  0.03237  -0.03620 -0.14150  0.02454  -0.08113 -0.02083  0.01069   0.06024 -0.08785  0.03247   0.03618 -0.14140  0.02466   0.08115 -0.02084  0.01081   0.07473  0.03164 -0.04115   0.07473 -0.03157 -0.04118  -0.06676  0.38340 -0.03980  -0.03630  0.14151  0.02460  -0.00005  0.00012  0.43375   0.06678 -0.38398 -0.03986   0.08116  0.02084  0.01074   0.06686  0.38390 -0.03961  -0.06692 -0.38326 -0.03971
    460.1866  2.6492  0.3306   0.10415 -0.08625 -0.00499   0.29720 -0.09537 -0.02497  -0.10416 -0.08623 -0.00498  -0.06448 -0.18051 -0.14675  -0.07191  0.09432  0.07039   0.07188  0.09426 -0.07037   0.10422 -0.08622  0.00494   0.29729 -0.09531  0.02492   0.06454 -0.18050  0.14674  -0.10417 -0.08622  0.00496  -0.29722 -0.09534  0.02497  -0.06454 -0.18060  0.14672  -0.07190  0.09442 -0.07035   0.07187  0.09430  0.07039   0.15612  0.11970 -0.05779  -0.29722 -0.09541 -0.02497   0.00002  0.23893  0.00006   0.15606  0.11975  0.05782   0.06448 -0.18050 -0.14676  -0.15607  0.11990 -0.05775  -0.15609  0.11981  0.05780
    494.8473  2.9365  0.4237   0.17056  0.00770  0.01653   0.36520  0.02425 -0.00958   0.17060 -0.00776 -0.01653   0.04802 -0.04318  0.15589   0.07275  0.03801 -0.08778  -0.07273  0.03801  0.08773  -0.17057 -0.00774  0.01656  -0.36519 -0.02435 -0.00957  -0.04803 -0.04319 -0.15579  -0.17059  0.00769 -0.01652  -0.36528  0.02424  0.00963  -0.04805  0.04308  0.15580  -0.07274 -0.03790 -0.08778   0.07273 -0.03796  0.08776  -0.18934  0.05104  0.07177   0.36532 -0.02436  0.00962  -0.00006 -0.00024  0.00025   0.18933 -0.05105  0.07181   0.04805  0.04312 -0.15580  -0.18937 -0.05073 -0.07181   0.18933  0.05089 -0.07182
    561.1363  2.0528  0.3808  -0.05800 -0.08860 -0.02896  -0.26876 -0.25661  0.02703   0.05794 -0.08864 -0.02895  -0.06356 -0.00700  0.23559   0.01842  0.09901 -0.03945  -0.01844  0.09911  0.03947  -0.05799 -0.08863  0.02896  -0.26871 -0.25670 -0.02705   0.06355 -0.00699 -0.23566   0.05800 -0.08870  0.02896   0.26883 -0.25676 -0.02710  -0.06358 -0.00691 -0.23575   0.01850  0.09900  0.03950  -0.01843  0.09904 -0.03950  -0.07918  0.14267  0.03336   0.26859 -0.25660  0.02704  -0.00006 -0.01140 -0.00004  -0.07917  0.14265 -0.03339   0.06356 -0.00702  0.23567   0.07930  0.14274  0.03340   0.07914  0.14276 -0.03335
    590.1976  3.9719  0.8152  -0.00542 -0.05791  0.01013  -0.10261 -0.04719  0.01851  -0.00548  0.05795 -0.01008  -0.03587 -0.06180 -0.06301  -0.03001  0.24940  0.02815   0.03000  0.24955 -0.02812   0.00544  0.05792  0.01011   0.10285  0.04727  0.01853   0.03590 -0.06181  0.06292   0.00544 -0.05796 -0.01009   0.10269 -0.04731 -0.01851   0.03594  0.06172 -0.06280   0.03000 -0.24944  0.02805  -0.02998 -0.24948 -0.02811   0.07317  0.39338 -0.02090  -0.10296  0.04738 -0.01854   0.00002 -0.00025 -0.00012  -0.07305 -0.39328 -0.02093  -0.03593  0.06168  0.06275   0.07306 -0.39314  0.02077  -0.07314  0.39302  0.02090
    713.5288  1.3441  0.4032  -0.01594 -0.01879 -0.04195  -0.19172 -0.22693  0.01684   0.01588 -0.01911 -0.04202  -0.07045  0.09565  0.19320  -0.01003  0.07102  0.01045  -0.00995 -0.07109  0.01049   0.01587  0.01912 -0.04203   0.19154  0.22701  0.01674  -0.07043 -0.09558  0.19314  -0.01600  0.01878 -0.04191  -0.19133  0.22683  0.01687   0.07039 -0.09546  0.19293   0.01009 -0.07126  0.01054   0.01010  0.07123  0.01046   0.06968  0.10692  0.01857   0.19165 -0.22710  0.01676  -0.00024  0.00068  0.58580  -0.06970 -0.10788  0.01852   0.07048  0.09567  0.19325  -0.06945  0.10766  0.01868   0.06948 -0.10622  0.01855
    782.8775  3.6569  1.3205  -0.00612 -0.23035 -0.05560   0.01568 -0.14631 -0.07162  -0.00641  0.23040  0.05525  -0.02137  0.18987  0.04780   0.00585  0.06384  0.00153   0.00602 -0.06398  0.00177  -0.00617 -0.23023  0.05528   0.01656 -0.14490  0.07165  -0.02091 -0.18920  0.04702  -0.00636  0.23022 -0.05546   0.01635  0.14585 -0.07165  -0.02072  0.18921 -0.04661   0.00594  0.06355 -0.00142   0.00612 -0.06367 -0.00164   0.02135  0.35189  0.00344   0.01739  0.14464  0.07181  -0.05389  0.00235  0.00073   0.02089  0.35102 -0.00317  -0.02033 -0.18867 -0.04596   0.02098 -0.35110 -0.00326   0.02149 -0.35206  0.00335
    832.8735  2.5402  1.0382  -0.07754 -0.15854 -0.00858   0.19229 -0.09275 -0.05239  -0.07784  0.15862  0.00846  -0.13239  0.30300  0.21142   0.01882 -0.00994 -0.05583  -0.01898 -0.00995  0.05589   0.07800  0.15874 -0.00847  -0.19311  0.09243 -0.05252   0.13248  0.30340 -0.21157   0.07766 -0.15865  0.00851  -0.19252 -0.09273  0.05243   0.13194 -0.30295  0.21089  -0.01911  0.00979 -0.05567   0.01900  0.00979  0.05566  -0.10231 -0.01685  0.04664   0.19304  0.09228  0.05251   0.00032  0.00207  0.00009   0.10193  0.01677  0.04646  -0.13180 -0.30235 -0.21065  -0.10210  0.01664 -0.04644   0.10208 -0.01721 -0.04657
    854.7476  2.8591  1.2307   0.12109 -0.13145 -0.05620  -0.15006 -0.15801 -0.01737   0.11965  0.13188  0.05583   0.26803  0.06267 -0.23002  -0.00718 -0.03822  0.07468   0.00729 -0.03816 -0.07472  -0.11978  0.13196 -0.05583   0.14757  0.15627 -0.01782  -0.26813  0.06260  0.23011  -0.12121 -0.13157  0.05621   0.15007 -0.15816  0.01732  -0.27073 -0.06021 -0.23317   0.00661  0.03760  0.07541  -0.00647  0.03750 -0.07537   0.14827 -0.06982 -0.06287  -0.14755  0.15622  0.01781  -0.00013  0.00724 -0.00014  -0.14857  0.06824 -0.06339   0.27047 -0.06017  0.23305   0.14891  0.06803  0.06340  -0.14813 -0.06941  0.06283
    856.3483  1.4581  0.6300   0.07553  0.02348 -0.02197  -0.13299 -0.10882  0.02491  -0.07501  0.02078 -0.02235  -0.13266  0.13289  0.16404  -0.03792 -0.03314 -0.03230   0.03670 -0.03407  0.03252   0.07665  0.02195  0.02278  -0.13463 -0.11158 -0.02469   0.13438  0.13875 -0.16754  -0.07430  0.02265  0.02200   0.13155 -0.11023 -0.02469  -0.13097  0.13519 -0.16320  -0.03802 -0.03375  0.03158   0.03666 -0.03427 -0.03209  -0.02301 -0.07154  0.02564   0.13190 -0.11108  0.02427   0.00194  0.74628  0.00031  -0.02170 -0.07274 -0.02533   0.13147  0.13956  0.16496   0.02017 -0.07785  0.02478   0.02105 -0.07687 -0.02549
    872.4741  1.6745  0.7510   0.08106  0.02833 -0.02063  -0.12633  0.00439  0.01011   0.08238 -0.02850  0.02070   0.07335 -0.26349 -0.15290  -0.07155  0.04133  0.02054  -0.07234 -0.04062  0.01999   0.08057  0.02784  0.02010  -0.12472  0.00642 -0.00994   0.07009  0.25996 -0.14884   0.08258 -0.02883 -0.02118  -0.12878 -0.00149  0.01064   0.07416 -0.26489  0.15427  -0.07130  0.04184 -0.02009  -0.07211 -0.04112 -0.01970  -0.11168  0.31507  0.01599  -0.12771 -0.00351 -0.01053   0.19871 -0.00679 -0.00150  -0.11222  0.31518 -0.01553   0.07140  0.26208  0.15097  -0.11223 -0.31318 -0.01605  -0.11203 -0.31323  0.01649
    892.7720  2.0178  0.9476  -0.03460 -0.05913  0.05964   0.15066  0.21589 -0.01080   0.03538 -0.05910  0.05992   0.09419 -0.23755 -0.17988   0.03772  0.10470 -0.04794   0.03770 -0.10468 -0.04826   0.03486  0.05906  0.05992  -0.15140 -0.21597 -0.01070   0.09308  0.23759 -0.17903  -0.03412  0.05897  0.05963   0.15010 -0.21585 -0.01072  -0.09228  0.23549 -0.17755  -0.03831 -0.10437 -0.04843  -0.03839  0.10451 -0.04811   0.00791  0.11769 -0.05413  -0.15200  0.21606 -0.01083   0.00075 -0.00121  0.42185  -0.00878 -0.11441 -0.05401  -0.09325 -0.23556 -0.17835  -0.00906  0.11472 -0.05416   0.00719 -0.11641 -0.05385
    924.1848  1.6648  0.8378  -0.02769  0.03140 -0.05427  -0.00124 -0.31428  0.00439   0.02790  0.03155 -0.05406   0.08236  0.26975  0.05317  -0.02827 -0.02600  0.09372   0.02817 -0.02581 -0.09368  -0.02788  0.03140  0.05415  -0.00095 -0.31375 -0.00440  -0.08237  0.26986 -0.05327   0.02806  0.03137  0.05403   0.00048 -0.31376 -0.00443   0.08266  0.26938 -0.05281  -0.02831 -0.02583 -0.09368   0.02812 -0.02594  0.09371   0.17747  0.03948 -0.07743   0.00070 -0.31399  0.00447   0.00024 -0.24477 -0.00029   0.17726  0.03973  0.07750  -0.08189  0.27001  0.05374  -0.17808  0.03940 -0.07733  -0.17789  0.03935  0.07742
    951.2101  1.8595  0.9913  -0.04890  0.05460  0.04409   0.10735  0.08903  0.01823  -0.04853 -0.05474 -0.04408  -0.17192 -0.05843  0.14702   0.03534  0.10418  0.00010   0.03540 -0.10417 -0.00005  -0.04882  0.05465 -0.04399   0.10708  0.08890 -0.01821  -0.17265  0.05900  0.14729  -0.04848 -0.05462  0.04408   0.10706 -0.08913  0.01827  -0.17176 -0.05817 -0.14691   0.03530  0.10389 -0.00015   0.03533 -0.10390  0.00004   0.26450  0.28234  0.02235   0.10702 -0.08911 -0.01830  -0.16073  0.00016 -0.00028   0.26427  0.28147 -0.02227  -0.17274  0.05856 -0.14753   0.26370 -0.28125 -0.02269   0.26408 -0.28200  0.02259
    998.3281  1.3877  0.8149  -0.08115 -0.03554  0.01024   0.01725  0.09071 -0.02507   0.08123 -0.03549  0.01011   0.25714  0.10952 -0.14832  -0.02635  0.00225  0.00620   0.02577  0.00287 -0.00601  -0.08066 -0.03564 -0.01031   0.01719  0.09053  0.02493  -0.25571  0.10805  0.14779   0.08067 -0.03553 -0.01023  -0.01671  0.09071  0.02499   0.25586  0.10866  0.14764  -0.02586  0.00259 -0.00606   0.02624  0.00261  0.00615   0.04138  0.01158 -0.00663  -0.01666  0.09068 -0.02515   0.00026  0.72308  0.00063   0.04277  0.01186  0.00668  -0.25712  0.10930 -0.14844  -0.04134  0.01229 -0.00671  -0.04298  0.01352  0.00672
   1012.3935  1.7894  1.0806  -0.10018 -0.00035 -0.01093  -0.00146  0.04130 -0.03097   0.10006 -0.00050 -0.01060   0.25078  0.14474 -0.13218  -0.07966 -0.03083  0.01583  -0.07989  0.03065  0.01579   0.10056  0.00076 -0.01052   0.00023 -0.04205 -0.03095   0.25236 -0.14534 -0.13307  -0.10064  0.00067 -0.01084  -0.00144 -0.04199 -0.03115  -0.25213 -0.14572 -0.13259   0.08012  0.03102  0.01594   0.07990 -0.03107  0.01598  -0.26348 -0.12181 -0.00214   0.00017  0.04116 -0.03077  -0.00043 -0.00305  0.41569   0.26313  0.12364 -0.00187  -0.25052  0.14512 -0.13169   0.26316 -0.12351 -0.00201  -0.26348  0.12333 -0.00220
   1035.2773  2.4146  1.5248   0.05820 -0.04123  0.10521   0.38860 -0.01191  0.06364   0.05851  0.04130 -0.10530  -0.11007 -0.00606  0.13598  -0.09568 -0.04783  0.06620  -0.09583  0.04781  0.06620   0.05861 -0.04118 -0.10539   0.38889 -0.01200 -0.06385  -0.10971  0.00569  0.13588   0.05803  0.04129  0.10537   0.38885  0.01141  0.06359  -0.11135 -0.00646 -0.13675  -0.09540 -0.04779 -0.06616  -0.09541  0.04777 -0.06607   0.13084 -0.02792  0.09648   0.38862  0.01170 -0.06369   0.13488 -0.00103  0.00070   0.13198 -0.02759 -0.09643  -0.11065  0.00651 -0.13623   0.13195  0.02799 -0.09650   0.13090  0.02795  0.09647
   1095.1558  1.1272  0.7965   0.00894  0.00382  0.00023  -0.03475  0.05675 -0.00312  -0.00897  0.00377  0.00004  -0.01610 -0.01780 -0.00510  -0.00443 -0.04888 -0.01624   0.00458 -0.04811  0.01612   0.00847  0.00380 -0.00012  -0.03266  0.05293  0.00286   0.01432 -0.01624  0.00582  -0.00858  0.00380 -0.00028   0.03225  0.05310  0.00276  -0.01444 -0.01646  0.00584  -0.00446 -0.04791  0.01619   0.00443 -0.04861 -0.01634   0.05973  0.48710  0.02270   0.03517  0.05646 -0.00322   0.00022  0.01935  0.00359   0.05643  0.48964 -0.02243   0.01636 -0.01865 -0.00519  -0.05933  0.48539  0.02298  -0.05700  0.49160 -0.02265
   1101.5369  1.0848  0.7755   0.01257 -0.00341 -0.00798  -0.17057  0.24352 -0.03065  -0.01253 -0.00342 -0.00821  -0.09551 -0.11461  0.03444  -0.00671 -0.03789 -0.00268  -0.00670  0.03847 -0.00301  -0.01269  0.00332 -0.00803   0.17123 -0.24429 -0.03075  -0.09595  0.11545  0.03430   0.01270  0.00336 -0.00818  -0.17157 -0.24412 -0.03082   0.09570  0.11474  0.03432   0.00674  0.03873 -0.00296   0.00661 -0.03776 -0.00283   0.17500 -0.24215  0.01880   0.17107  0.24324 -0.03076  -0.00003 -0.00003  0.43230  -0.17584  0.23486  0.01912   0.09549 -0.11497  0.03426  -0.17445 -0.24421  0.01868   0.17551  0.23593  0.01913
   1120.2139  1.3515  0.9992  -0.00948 -0.01000 -0.05885  -0.12931 -0.07645 -0.03410  -0.00930  0.00991  0.05872  -0.07332 -0.20937 -0.02194   0.01901  0.05022 -0.03576  -0.01927  0.05017  0.03584   0.00947  0.01002 -0.05882   0.12898  0.07681 -0.03405   0.07309 -0.20859  0.02199   0.00921 -0.00996  0.05866   0.12777 -0.07839  0.03367   0.07338  0.20941 -0.02185  -0.01900 -0.05041 -0.03563   0.01938 -0.05044  0.03577  -0.10254 -0.39602  0.02624  -0.12775  0.07874  0.03370   0.00000  0.00043  0.00048   0.10279  0.39817  0.02626  -0.07318  0.20871  0.02192  -0.10396  0.39814 -0.02561   0.10382 -0.39581 -0.02585
   1152.6556  1.4673  1.1486   0.05104  0.01128  0.02885   0.17789 -0.22448  0.05827  -0.05111  0.01147  0.02920  -0.00618  0.06460 -0.00226   0.06562 -0.03186 -0.03941   0.06556  0.03204 -0.03915  -0.05106 -0.01137  0.02884  -0.17789  0.22458  0.05833  -0.00541 -0.06643 -0.00217   0.05113 -0.01144  0.02922   0.17876  0.22415  0.05855   0.00568 -0.06533 -0.00244  -0.06567  0.03202 -0.03948  -0.06551 -0.03195 -0.03918  -0.16540 -0.21558 -0.06736  -0.17858 -0.22411  0.05851   0.00001  0.00011  0.53523   0.16554  0.21480 -0.06736   0.00501  0.06697 -0.00228   0.16532 -0.21533 -0.06785  -0.16488  0.21366 -0.06767
   1177.2969  1.8472  1.5085   0.02331 -0.02584  0.09226   0.24918  0.03643  0.05779   0.02329  0.02583 -0.09223  -0.15853 -0.09216  0.10684  -0.06581  0.01898  0.06829   0.06589  0.01920 -0.06835  -0.02332  0.02563  0.09239  -0.24923 -0.03646  0.05793   0.15755 -0.09031 -0.10682  -0.02334 -0.02564 -0.09233  -0.24889  0.03693 -0.05780   0.15746  0.09019  0.10674   0.06584 -0.01922  0.06826  -0.06581 -0.01904 -0.06834   0.14685 -0.30744 -0.05982   0.24908 -0.03657 -0.05772   0.00009  0.00008  0.00072  -0.14625  0.30728 -0.05981  -0.15868  0.09241 -0.10689   0.14709  0.30742  0.05982  -0.14644 -0.30662  0.05987
   1180.8333  1.1730  0.9637   0.00992  0.03607  0.03078   0.02513  0.03085  0.03004   0.00988 -0.03606 -0.03072   0.22853  0.41134 -0.01749  -0.02084  0.03117  0.00614  -0.02080 -0.03077  0.00579   0.00983  0.03588 -0.03038   0.02435  0.03084 -0.02968   0.22757 -0.40886 -0.01776   0.00986 -0.03591  0.03037   0.02433 -0.03076  0.02969   0.22768  0.40902  0.01774  -0.02081  0.03083 -0.00582  -0.02093 -0.03118 -0.00619  -0.11798  0.09500 -0.00612   0.02480 -0.03132 -0.02992  -0.01715 -0.00001  0.00030  -0.11776  0.09764  0.00570   0.22850 -0.41120  0.01745  -0.11766 -0.09539  0.00601  -0.11774 -0.09757 -0.00571
   1183.4579  1.2237  1.0098   0.00418 -0.04000 -0.01564   0.01952 -0.03830 -0.01722   0.00424  0.04001  0.01560  -0.20702 -0.38564  0.01048  -0.01744 -0.04722 -0.02199   0.01721 -0.04748  0.02213  -0.00412  0.04028 -0.01588  -0.01912  0.03839 -0.01746   0.20864 -0.38836 -0.01063  -0.00421 -0.04026  0.01579  -0.01964 -0.03891  0.01732   0.20862  0.38848  0.01059   0.01740  0.04748 -0.02204  -0.01743  0.04732  0.02212   0.08212  0.20584  0.02963   0.01959  0.03840  0.01717  -0.00004 -0.00031 -0.00105  -0.08301 -0.20556  0.02965  -0.20698  0.38545 -0.01043   0.08196 -0.20566 -0.02962  -0.08263  0.20465 -0.02960
   1234.9720  1.3967  1.2550  -0.01381 -0.01023 -0.05263  -0.29511  0.31649 -0.08077   0.01383 -0.01026 -0.05258  -0.10726 -0.11601  0.05461  -0.05635 -0.00024  0.05112   0.05623 -0.00027 -0.05110  -0.01378 -0.01019  0.05257  -0.29495  0.31635  0.08074   0.10761 -0.11643 -0.05469   0.01382 -0.01027  0.05260   0.29506  0.31649  0.08077  -0.10729 -0.11592 -0.05465  -0.05631 -0.00021 -0.05111   0.05629 -0.00024  0.05113   0.11321 -0.05586 -0.04345   0.29516  0.31680 -0.08076  -0.00003 -0.07865 -0.00005   0.11318 -0.05610  0.04349   0.10741 -0.11607  0.05469  -0.11313 -0.05607 -0.04349  -0.11301 -0.05599  0.04351
   1274.4124  1.2299  1.1769   0.00524 -0.03613  0.05276  -0.09531  0.41611 -0.01310   0.00523  0.03610 -0.05279  -0.08218 -0.03906  0.02698   0.02917 -0.00530  0.00740   0.02920  0.00531  0.00732   0.00524 -0.03612 -0.05277  -0.09537  0.41609  0.01314  -0.08217  0.03905  0.02697   0.00525  0.03611  0.05279  -0.09516 -0.41591 -0.01310  -0.08224 -0.03916 -0.02697   0.02918 -0.00531 -0.00739   0.02921  0.00531 -0.00732  -0.22932  0.02353 -0.02257  -0.09509 -0.41586  0.01304  -0.01325  0.00002 -0.00008  -0.22931  0.02352  0.02257  -0.08218  0.03916 -0.02691  -0.22912 -0.02353  0.02250  -0.22911 -0.02366 -0.02248
   1294.1063  1.1420  1.1268  -0.00946  0.04203 -0.02480   0.16102 -0.44852  0.03923  -0.00950 -0.04206  0.02483   0.03558  0.03673  0.01305  -0.02208  0.00411 -0.00853   0.02206  0.00411  0.00852   0.00947 -0.04203 -0.02481  -0.16105  0.44843  0.03927  -0.03545  0.03645 -0.01305   0.00952  0.04207  0.02483  -0.16100 -0.44849 -0.03926  -0.03562 -0.03682  0.01306   0.02208 -0.00411 -0.00853  -0.02207 -0.00411  0.00851   0.12245  0.01166  0.02117   0.16096  0.44855 -0.03920  -0.00012  0.00007  0.00000  -0.12245 -0.01172  0.02116   0.03541 -0.03645 -0.01311   0.12233 -0.01173 -0.02119  -0.12230  0.01170 -0.02118
   1311.1399  1.3114  1.3283  -0.05436  0.05274 -0.02242  -0.00301 -0.12043 -0.00078   0.05435  0.05270 -0.02241  -0.19239 -0.39929  0.01071   0.01075 -0.01014  0.02095   0.01067  0.01015  0.02062   0.05456 -0.05291 -0.02245   0.00263  0.12118 -0.00071  -0.19279  0.40030  0.01061  -0.05454 -0.05286 -0.02241  -0.00293  0.12062 -0.00075   0.19270  0.40018  0.01059  -0.01065  0.01014  0.02071  -0.01075 -0.01013  0.02084  -0.17777  0.01028  0.00350   0.00324 -0.11996 -0.00083  -0.00001 -0.00020  0.02388   0.17646 -0.01005  0.00387   0.19234 -0.39917  0.01065   0.17739  0.01022  0.00362  -0.17622 -0.01002  0.00399
   1314.8047  1.3550  1.3801  -0.04604  0.04045 -0.00734   0.04786 -0.14864  0.00960   0.04606  0.04048 -0.00736  -0.08185 -0.24786 -0.03384  -0.02385 -0.00321 -0.05930   0.02384 -0.00314  0.05935  -0.04584  0.04024  0.00726   0.04795 -0.14816 -0.00961   0.08132 -0.24648  0.03369   0.04586  0.04027  0.00725  -0.04820 -0.14888 -0.00970  -0.08100 -0.24613  0.03390  -0.02392 -0.00318  0.05945   0.02382 -0.00318 -0.05931   0.36552 -0.06421  0.09825  -0.04807 -0.14926  0.00966   0.00018  0.06899 -0.00001   0.36640 -0.06412 -0.09831   0.08196 -0.24793 -0.03375  -0.36520 -0.06403  0.09833  -0.36587 -0.06416 -0.09825
   1340.4642  1.3630  1.4429  -0.00768  0.00166 -0.00934   0.07126 -0.12440  0.00089  -0.00784 -0.00180  0.00931  -0.04902 -0.07465  0.01900   0.01215 -0.00868  0.08778  -0.01209 -0.00872 -0.08776   0.00771 -0.00169 -0.00935  -0.07129  0.12457  0.00092   0.04914 -0.07523 -0.01887   0.00784  0.00179  0.00929  -0.07165 -0.12519 -0.00103   0.04917  0.07485  0.01906  -0.01220  0.00865  0.08780   0.01207  0.00874 -0.08775  -0.43428  0.07038 -0.13975   0.07154  0.12509 -0.00099   0.00004 -0.00006  0.00006   0.43434 -0.07026 -0.13977  -0.04915  0.07535 -0.01883  -0.43354 -0.07022  0.13973   0.43391  0.07030  0.13974
   1345.4485  1.1568  1.2338   0.01115 -0.01562 -0.01640  -0.12536  0.25685 -0.04380   0.01104  0.01554  0.01641   0.10224  0.06584 -0.08393  -0.04210 -0.00765 -0.03030  -0.04217  0.00767 -0.03030   0.01114 -0.01562  0.01639  -0.12534  0.25674  0.04381   0.10199 -0.06521 -0.08396   0.01104  0.01555 -0.01643  -0.12534 -0.25651 -0.04380   0.10220  0.06576  0.08390  -0.04211 -0.00766  0.03027  -0.04218  0.00766  0.03034   0.36807 -0.05665  0.01157  -0.12526 -0.25652  0.04376   0.09882 -0.00019  0.00010   0.36797 -0.05659 -0.01152   0.10209 -0.06530  0.08403   0.36853  0.05673 -0.01167   0.36815  0.05673  0.01160
   1363.5985  1.3071  1.4320   0.03819 -0.03156 -0.02891  -0.16056  0.22928 -0.05035  -0.03818 -0.03158 -0.02895  -0.05447  0.06876  0.07169   0.05054  0.01083  0.02894   0.05060 -0.01080  0.02911  -0.03820  0.03157 -0.02891   0.16070 -0.22937 -0.05039  -0.05454 -0.06856  0.07165   0.03815  0.03156 -0.02895  -0.16052 -0.22905 -0.05038   0.05447 -0.06869  0.07163  -0.05053 -0.01082  0.02894  -0.05057  0.01078  0.02910  -0.38060  0.06325 -0.01683   0.16050  0.22918 -0.05037   0.00013  0.00005 -0.02167   0.38034 -0.06318 -0.01681   0.05455  0.06855  0.07170   0.38139  0.06343 -0.01711  -0.38133 -0.06346 -0.01710
   1376.8110  1.3380  1.4943  -0.04533  0.04434 -0.00463   0.02042 -0.14512  0.02040   0.04532  0.04433 -0.00460  -0.10969 -0.29603 -0.02218  -0.01191 -0.01707  0.05510   0.01188 -0.01704 -0.05512  -0.04533  0.04430  0.00463   0.02056 -0.14506 -0.02040   0.10977 -0.29596  0.02202   0.04529  0.04431  0.00460  -0.02053 -0.14514 -0.02044  -0.10966 -0.29584  0.02214  -0.01189 -0.01704 -0.05508   0.01188 -0.01708  0.05512  -0.29930  0.04686 -0.09612  -0.02053 -0.14524  0.02043   0.00023  0.27821 -0.00004  -0.29921  0.04688  0.09613   0.10979 -0.29610 -0.02214   0.29956  0.04704 -0.09613   0.29963  0.04702  0.09615
   1483.9195  1.0172  1.3198   0.00300  0.00469  0.01197  -0.19153 -0.07299  0.04233   0.00299 -0.00469 -0.01196  -0.10074  0.07555  0.20406   0.00451  0.00243 -0.00356   0.00446 -0.00238 -0.00357   0.00314  0.00469 -0.01202  -0.19242 -0.07325 -0.04253  -0.10123 -0.07582  0.20523   0.00313 -0.00471  0.01204  -0.19268  0.07339  0.04263  -0.10144  0.07592 -0.20550   0.00449  0.00239  0.00356   0.00452 -0.00238  0.00356   0.01088 -0.00397 -0.00585  -0.19121  0.07286 -0.04229   0.76871 -0.00017  0.00013   0.01076 -0.00395  0.00587  -0.10095 -0.07555 -0.20441   0.01086  0.00381  0.00586   0.01077  0.00376 -0.00585
   1491.9168  1.0997  1.4422   0.03900  0.01295  0.01760  -0.32228 -0.13232  0.07516  -0.03898  0.01295  0.01759   0.12769 -0.07550 -0.30645   0.00369  0.00582  0.00216   0.00391 -0.00594  0.00222  -0.03979 -0.01319  0.01797   0.32852  0.13494  0.07667   0.13030  0.07691 -0.31264   0.03971 -0.01317  0.01791  -0.32776  0.13461  0.07654  -0.13003  0.07668 -0.31184  -0.00390 -0.00593  0.00223  -0.00368  0.00583  0.00214  -0.01402  0.00968  0.00165   0.32212 -0.13226  0.07516  -0.00023  0.00039 -0.02295   0.01374 -0.00953  0.00164  -0.12774 -0.07551 -0.30662   0.01396  0.00968  0.00167  -0.01373 -0.00952  0.00166
   1492.7791  1.1156  1.4647  -0.04219 -0.01197 -0.01957   0.32642  0.13382 -0.07772   0.04216 -0.01198 -0.01957  -0.13558  0.06522  0.31349  -0.01152 -0.00651 -0.00341   0.01146 -0.00640  0.00337  -0.04147 -0.01176  0.01926   0.32058  0.13152  0.07640   0.13321  0.06392 -0.30798   0.04138 -0.01175  0.01921  -0.32002  0.13128  0.07631  -0.13306  0.06381 -0.30742  -0.01147 -0.00639  0.00339   0.01157 -0.00651 -0.00343  -0.01224  0.00932 -0.00001  -0.32637  0.13385 -0.07776   0.00043  0.04600  0.00021  -0.01260  0.00951 -0.00003   0.13551  0.06519  0.31348   0.01226  0.00933  0.00002   0.01247  0.00952 -0.00003
   1499.2324  1.1132  1.4742   0.03854  0.00663  0.02274  -0.31260 -0.12372  0.07575   0.03856 -0.00664 -0.02274  -0.14268  0.07348  0.32110   0.01432 -0.00732  0.00980  -0.01435 -0.00729 -0.00981  -0.03838 -0.00662  0.02264   0.31108  0.12327  0.07544   0.14195  0.07306 -0.31949  -0.03849  0.00664 -0.02268   0.31184 -0.12353 -0.07566   0.14234 -0.07316  0.32018  -0.01434  0.00731  0.00982   0.01433  0.00732 -0.00980   0.02376  0.01578 -0.00902  -0.31277  0.12380 -0.07583   0.00094 -0.00007 -0.00004  -0.02363 -0.01583 -0.00903  -0.14262 -0.07337 -0.32095   0.02374 -0.01580  0.00901  -0.02360  0.01581  0.00902
   1510.8499  1.1593  1.5592  -0.05385 -0.00297 -0.01314   0.26996  0.07998 -0.05692  -0.05386  0.00296  0.01315   0.07384 -0.04767 -0.23113   0.01520  0.01146  0.00026   0.01509 -0.01142  0.00022  -0.05385 -0.00301  0.01317   0.27029  0.08027  0.05704   0.07386  0.04784 -0.23132  -0.05398  0.00301 -0.01318   0.27087 -0.08041 -0.05719   0.07411 -0.04785  0.23180   0.01513  0.01145 -0.00023   0.01520 -0.01141 -0.00027  -0.04159  0.00940 -0.00808   0.27019 -0.08008  0.05699   0.63458 -0.00024  0.00017  -0.04178  0.00937  0.00807   0.07363  0.04768  0.23087  -0.04164 -0.00960  0.00809  -0.04173 -0.00955 -0.00806
   1594.8594  4.0903  6.1299   0.04616 -0.00120 -0.00877  -0.13883  0.02190  0.00758   0.04615  0.00119  0.00871   0.08977  0.09594  0.01960  -0.24313 -0.01149 -0.09203   0.24311 -0.01146  0.09202  -0.04615  0.00117 -0.00873   0.13876 -0.02166  0.00766  -0.08990  0.09583 -0.01939  -0.04621 -0.00121  0.00879   0.13889  0.02189 -0.00759  -0.09031 -0.09617  0.01911   0.24381  0.01148 -0.09228  -0.24380  0.01144  0.09227  -0.37375  0.01637  0.04398  -0.13894 -0.02164 -0.00773   0.00091  0.00107 -0.00001   0.37495 -0.01640  0.04409   0.09029 -0.09628 -0.01913  -0.37500 -0.01639 -0.04402   0.37383  0.01643 -0.04393
   1645.9407  3.2477  5.1839   0.01453 -0.00816 -0.01399  -0.03134  0.05799 -0.02221  -0.01465 -0.00821 -0.01401  -0.11102 -0.09072  0.07578   0.20828 -0.00096  0.08523  -0.20822 -0.00095 -0.08523   0.01459 -0.00818  0.01402  -0.03160  0.05806  0.02223   0.11102 -0.09073 -0.07584  -0.01450 -0.00817  0.01399   0.03133  0.05798  0.02223  -0.11083 -0.09053 -0.07582   0.20757 -0.00100 -0.08495  -0.20759 -0.00103  0.08493   0.29222  0.00021 -0.05280   0.03169  0.05809 -0.02220   0.00007  0.56558  0.00006   0.29147  0.00036  0.05259   0.11083 -0.09054  0.07582  -0.29149  0.00044 -0.05255  -0.29235  0.00034  0.05272
   3094.1348  1.0644  6.0040   0.01809  0.01273  0.02756  -0.04424 -0.07105 -0.43603   0.01821 -0.01281 -0.02769  -0.16285  0.08232 -0.11125  -0.00118 -0.00019  0.00323  -0.00119  0.00020  0.00327   0.01848  0.01301 -0.02813  -0.04514 -0.07259  0.44509  -0.16536 -0.08360 -0.11295   0.01836 -0.01293  0.02798  -0.04497  0.07219 -0.44261  -0.16416  0.08301  0.11219  -0.00118 -0.00020 -0.00325  -0.00117  0.00019 -0.00320   0.00524  0.00021 -0.03797  -0.04450  0.07142  0.43824  -0.00251 -0.00000 -0.00001   0.00518  0.00019  0.03721  -0.16176 -0.08180  0.11051   0.00522 -0.00023  0.03773   0.00523 -0.00021 -0.03759
   3094.6739  1.0645  6.0068   0.01841  0.01307  0.02802  -0.04457 -0.07220 -0.44213   0.01854 -0.01315 -0.02816  -0.16775  0.08470 -0.11387  -0.00062 -0.00031  0.00257   0.00060 -0.00031 -0.00252  -0.01826 -0.01296  0.02775   0.04414  0.07160 -0.43803   0.16527  0.08346  0.11218  -0.01813  0.01287 -0.02759   0.04394 -0.07115  0.43526   0.16392 -0.08280 -0.11132   0.00060  0.00030  0.00249  -0.00062  0.00031 -0.00254  -0.00161 -0.00081  0.02732  -0.04485  0.07261  0.44452  -0.00002  0.00002 -0.00000   0.00167  0.00080  0.02758  -0.16655 -0.08413  0.11306  -0.00160  0.00081 -0.02703   0.00169 -0.00082 -0.02789
   3097.0149  1.0612  5.9973  -0.02105 -0.01385 -0.02319   0.03963  0.06870  0.40936   0.02096 -0.01378 -0.02304  -0.19974  0.09790 -0.13316  -0.00105 -0.00001  0.00437  -0.00105  0.00002  0.00447   0.02143  0.01411 -0.02358  -0.04030 -0.06995  0.41642  -0.20427 -0.10013 -0.13617  -0.02155  0.01419 -0.02375   0.04063 -0.07040  0.41913   0.20526 -0.10063 -0.13689   0.00106  0.00002  0.00449   0.00105 -0.00002  0.00438   0.00610  0.00057 -0.05223  -0.03944  0.06833  0.40707   0.00001 -0.00008 -0.00188  -0.00604 -0.00053 -0.05119   0.20055  0.09833 -0.13370  -0.00614  0.00060 -0.05251   0.00603 -0.00055 -0.05113
   3097.2120  1.0615  5.9992  -0.02157 -0.01424 -0.02380   0.04038  0.07036  0.41878   0.02146 -0.01416 -0.02363  -0.20534  0.10019 -0.13636  -0.00021 -0.00015  0.00455   0.00019 -0.00015 -0.00444  -0.02096 -0.01384  0.02309   0.03919  0.06836 -0.40652   0.20057  0.09787  0.13318   0.02108 -0.01392  0.02327  -0.03953  0.06884 -0.40932  -0.20159  0.09839  0.13392  -0.00019 -0.00015 -0.00447   0.00022 -0.00016  0.00456  -0.00304 -0.00139  0.04943  -0.04015  0.06992  0.41608   0.00000  0.00689 -0.00002  -0.00319 -0.00140 -0.05076   0.20632  0.10070 -0.13701   0.00306 -0.00142  0.04968   0.00319 -0.00142 -0.05072
   3127.0112  1.0899  6.2790  -0.00465 -0.00312  0.00248   0.00027  0.00168  0.01158   0.00470 -0.00315  0.00250  -0.06054  0.03351 -0.04053   0.00160  0.00042 -0.04294  -0.00158  0.00043  0.04276  -0.00468 -0.00314 -0.00249   0.00027  0.00168 -0.01166   0.06026  0.03336  0.04034   0.00468 -0.00314 -0.00248  -0.00030  0.00169 -0.01177  -0.06030  0.03338  0.04037   0.00160  0.00042  0.04271  -0.00157  0.00044 -0.04248   0.05405  0.00013 -0.48892  -0.00029  0.00167  0.01169   0.00001 -0.01168  0.00000   0.05369  0.00002  0.48573   0.05995  0.03319 -0.04012  -0.05405  0.00033 -0.48843  -0.05432  0.00024  0.49106
   3132.9442  1.0903  6.3053   0.00370  0.00234 -0.00253   0.00024  0.00108 -0.00264   0.00370 -0.00234  0.00252  -0.04650  0.02527 -0.03199   0.00172  0.00021 -0.04288  -0.00171  0.00021  0.04283  -0.00368 -0.00233 -0.00251  -0.00023 -0.00109 -0.00266   0.04630  0.02517  0.03187  -0.00374  0.00237  0.00254  -0.00021  0.00107  0.00278   0.04700 -0.02555 -0.03234  -0.00174 -0.00020 -0.04324   0.00171 -0.00023  0.04298   0.05428  0.00068 -0.48946   0.00022 -0.00108  0.00267  -0.00001  0.00005  0.00002  -0.05446 -0.00058 -0.49112  -0.04651 -0.02529  0.03201   0.05486 -0.00090  0.49422  -0.05439  0.00081  0.49010
   3136.4785  1.0855  6.2918   0.00552  0.00324 -0.00402  -0.00184  0.00311 -0.00045   0.00555 -0.00326  0.00403  -0.07112  0.03772 -0.04583   0.00486  0.00037 -0.04117   0.00485 -0.00038 -0.04127   0.00556  0.00326  0.00404  -0.00186  0.00311  0.00049  -0.07124 -0.03780 -0.04590   0.00548 -0.00322 -0.00398  -0.00186 -0.00309 -0.00056  -0.07028  0.03728  0.04530   0.00482  0.00036  0.04075   0.00482 -0.00039  0.04107  -0.05204  0.00107  0.48924  -0.00186 -0.00312  0.00049   0.00432  0.00003  0.00000  -0.05178  0.00117 -0.48685  -0.07076 -0.03755  0.04560  -0.05145 -0.00085 -0.48322  -0.05195 -0.00095  0.48803
   3142.1571  1.0864  6.3199  -0.00706 -0.00396  0.00584   0.00091 -0.00339 -0.00854   0.00700 -0.00392  0.00579  -0.08868  0.04684 -0.05644   0.00468  0.00062 -0.04060   0.00468 -0.00063 -0.04074   0.00701  0.00393  0.00579  -0.00091  0.00335 -0.00843  -0.08883 -0.04693 -0.05654  -0.00703  0.00394  0.00581   0.00093  0.00336 -0.00840   0.08911 -0.04708 -0.05674  -0.00471 -0.00061 -0.04088  -0.00472  0.00064 -0.04107  -0.05125 -0.00005  0.48080  -0.00091 -0.00335 -0.00846  -0.00003  0.00001  0.00118   0.05166 -0.00006  0.48472   0.08945  0.04726 -0.05694   0.05149 -0.00025  0.48253  -0.05111  0.00017  0.47918
   3169.0663  1.1045  6.5357  -0.02805 -0.01164  0.03580  -0.02536 -0.03664 -0.20839  -0.02817  0.01169 -0.03599   0.35244 -0.17853  0.22041   0.00040  0.00045 -0.00519  -0.00037  0.00044  0.00505   0.02765  0.01147  0.03531   0.02502  0.03622 -0.20569  -0.34587 -0.17524 -0.21629   0.02751 -0.01142 -0.03511   0.02488 -0.03597  0.20431  -0.34413  0.17437  0.21530  -0.00037 -0.00044 -0.00501   0.00040 -0.00045  0.00517   0.00776 -0.00105 -0.05379  -0.02554  0.03689  0.20970   0.00010 -0.00002  0.00000  -0.00790  0.00106 -0.05518   0.35085  0.17776 -0.21939   0.00770  0.00102  0.05336  -0.00794 -0.00105  0.05537
   3169.7259  1.1041  6.5361  -0.02725 -0.01133  0.03483  -0.02537 -0.03525 -0.20369  -0.02736  0.01137 -0.03501   0.34250 -0.17325  0.21425   0.00133  0.00037 -0.00728   0.00134 -0.00038 -0.00738  -0.02791 -0.01160 -0.03570  -0.02600 -0.03620  0.20891   0.34936  0.17677  0.21854  -0.02778  0.01154  0.03550  -0.02586  0.03595 -0.20753   0.34763 -0.17590 -0.21754   0.00133  0.00038  0.00733   0.00133 -0.00037  0.00724  -0.00956  0.00048  0.08425  -0.02554  0.03547  0.20492   0.00995  0.00000 -0.00001  -0.00936  0.00047 -0.08276   0.34105  0.17256 -0.21332  -0.00950 -0.00044 -0.08364  -0.00941 -0.00043  0.08315
   3174.5421  1.1072  6.5743  -0.02549 -0.01011  0.03900  -0.03044 -0.04821 -0.25987   0.02536 -0.01005  0.03883  -0.32714  0.16541 -0.20429  -0.00010 -0.00005  0.00567   0.00008 -0.00006 -0.00553  -0.02498 -0.00991 -0.03824  -0.02983 -0.04733  0.25485   0.32228  0.16299  0.20124   0.02513 -0.00997 -0.03844   0.03001 -0.04754  0.25600  -0.32412  0.16392  0.20248  -0.00008 -0.00006 -0.00555   0.00010 -0.00006  0.00570  -0.00967  0.00162  0.05993   0.03035 -0.04804 -0.25889  -0.00000  0.00540  0.00001  -0.00991  0.00164 -0.06188   0.32882  0.16629 -0.20531   0.00972  0.00160  0.06018   0.00987  0.00161 -0.06155
   3175.3475  1.1059  6.5700  -0.02446 -0.00959  0.03794  -0.03085 -0.04703 -0.25556   0.02433 -0.00953  0.03778  -0.31598  0.15971 -0.19725  -0.00113  0.00010  0.00876  -0.00113 -0.00010  0.00884   0.02471  0.00968  0.03834   0.03117  0.04759 -0.25832  -0.32083 -0.16219 -0.20027  -0.02484  0.00974  0.03853  -0.03135  0.04779 -0.25943   0.32260 -0.16309 -0.20146   0.00114 -0.00010  0.00888   0.00114  0.00009  0.00880   0.01234 -0.00028 -0.10353   0.03076 -0.04687 -0.25461   0.00004 -0.00005  0.00146  -0.01225  0.00028 -0.10311   0.31760  0.16055 -0.19823  -0.01240 -0.00023 -0.10393   0.01221  0.00023 -0.10262
$end

$job
step_size 1
max_steps 1000
program mlp
integration_algorithm velocity_verlet
memory 16
processors 4
temperature 398.15
remove_files true
$end